[
  [
    [
      0,
      3.50325e-44,
      9.47742e-38,
      -6.6151e-26,
      3.06856e-41
    ],
    [
      0,
      0,
      0,
      0,
      3.50325e-44,
      9.47742e-38,
      -6.6151e-26,
      3.06856e-41
    ],
    [
      9.47742e-38,
      -6.6151e-26,
      3.06856e-41
    ],
    [
      4.55688e-41,
      0,
      0,
      0,
      0,
      3.50325e-44,
      9.47742e-38,
      -6.6151e-26,
      3.06856e-41
    ],
    [
      0,
      0,
      3.50325e-44,
      9.47742e-38,
      -6.6151e-26,
      3.06856e-41
    ],
    [
      -1.74017e+37,
      4.55688e-41,
      0,
      0,
      0,
      0,
      3.50325e-44,
      9.47742e-38,
      -6.6151e-26,
      3.06856e-41
    ],
    [
      0,
      0,
      0,
      3.50325e-44,
      9.47742e-38,
      -6.6151e-26,
      3.06856e-41
    ],
    [
      -6.6151e-26,
      3.06856e-41
    ],
    [
      3.06856e-41
    ],
    [
      3.50325e-44,
      9.47742e-38,
      -6.6151e-26,
      3.06856e-41
    ]
  ]
]
